0.0000	226.82	143.22	92.95	111.65	23.87	102.08	36.08	24.75	22.88	0	7.59	0	6.27	47.85	87.67	81.84	761.42	254.1
0.0100	226.82	143.22	92.95	111.65	23.87	102.08	36.08	24.75	22.88	0	7.59	0	6.27	47.85	87.67	81.84	761.42	254.1
0.0200	230.89	145.42	95.15	115.72	23.87	104.39	36.08	27.06	20.57	0	7.59	0	4.18	35.2	75.68	76.01	778.58	219.23
0.0300	234.85	149.82	97.46	121.99	23.87	106.7	38.28	27.06	20.57	0	5.61	0	0	20.13	61.27	70.18	800.03	177.76
0.0400	238.92	156.42	97.46	126.06	23.87	109.12	38.28	27.06	18.26	0	5.61	0	0	12.54	46.42	61.49	817.19	144.32
0.0500	240.9	160.82	99.66	130.24	25.96	113.85	38.28	29.26	18.26	0	5.61	0	0	4.95	34.32	53.02	838.97	116.16
0.0600	242.99	165.22	101.86	136.4	25.96	116.16	40.59	29.26	15.95	0	5.61	0	0	0	24.2	44.66	858.44	90.42
0.0700	244.97	167.53	101.86	140.58	25.96	121	40.59	31.57	15.95	0	5.61	0	0	0	16.06	36.19	874.06	73.81
0.0800	246.95	169.51	101.86	144.76	28.16	125.73	42.79	31.57	15.95	0	3.74	0	0	0	10.01	27.83	891.33	57.53
0.0900	246.95	173.69	104.06	150.92	28.16	130.57	45.1	33.77	13.64	0	3.74	0	0	0	6.05	22.33	913.22	45.76
0.1000	244.97	173.69	104.06	157.08	28.16	135.41	47.3	33.77	13.64	0	3.74	0	0	0	0	16.72	924.44	34.1
0.1100	242.99	175.78	101.86	161.26	28.16	140.14	47.3	33.77	13.64	0	3.74	0	0	0	0	11.11	931.26	28.49
0.1200	240.9	175.78	101.86	167.53	30.36	144.98	47.3	36.08	13.64	0	3.74	0	0	0	0	5.5	944.79	22.88
0.1300	236.94	175.78	101.86	171.71	30.36	149.71	49.61	36.08	13.64	0	3.74	0	0	0	0	0	952.05	17.38
0.1400	232.87	173.69	99.66	178.09	30.36	152.13	49.61	38.28	13.64	0	3.74	0	0	0	0	0	954.69	17.38
0.1500	226.82	171.6	97.46	182.38	30.36	154.55	49.61	38.28	13.64	0	3.74	0	0	0	0	0	951.06	17.38
0.1600	222.75	169.51	95.15	186.56	30.36	159.28	49.61	38.28	13.64	0	3.74	0	0	0	0	0	951.5	17.38
0.1700	216.7	167.53	92.95	190.85	30.36	161.7	49.61	40.59	11.44	0	3.74	0	0	0	0	0	950.29	15.18
0.1800	212.63	163.02	90.75	195.03	30.36	164.12	49.61	40.59	11.44	0	3.74	0	0	0	0	0	946.11	15.18
0.1900	206.58	160.82	88.55	199.32	30.36	166.54	49.61	40.59	11.44	0	3.74	0	0	0	0	0	942.37	15.18
0.2000	202.51	156.42	86.24	201.41	30.36	166.54	51.81	40.59	11.44	0	3.74	0	0	0	0	0	935.88	15.18
0.2100	198.44	154.22	84.04	205.7	32.56	168.96	51.81	40.59	11.44	0	3.74	0	0	0	0	0	936.32	15.18
0.2200	194.37	149.82	81.84	207.79	32.56	171.16	54.12	40.59	11.44	0	3.74	0	0	0	0	0	932.25	15.18
0.2300	190.3	147.62	79.53	209.88	34.65	171.16	56.32	40.59	11.44	0	3.74	0	0	0	0	0	930.05	15.18
0.2400	188.32	145.42	79.53	212.08	34.65	173.47	58.63	40.59	11.44	0	3.74	0	0	0	0	0	932.69	15.18
0.2500	186.34	143.22	79.53	214.17	34.65	175.78	58.63	40.59	9.13	0	0	0	0	0	0	0	932.91	9.13
0.2600	184.25	141.02	77.33	216.26	36.85	175.78	60.94	42.79	9.13	0	3.74	0	0	0	0	0	935.22	12.87
0.2700	182.27	138.82	77.33	218.46	36.85	178.09	63.36	42.79	11.44	0	0	0	0	0	0	0	937.97	11.44
0.2800	178.2	134.42	75.13	220.55	36.85	178.09	63.36	42.79	9.13	0	3.74	0	0	0	0	0	929.39	12.87
0.2900	176.22	132.22	75.13	222.64	39.05	180.4	65.67	42.79	9.13	0	3.74	0	0	0	0	0	934.12	12.87
0.3000	172.15	130.02	72.93	224.84	39.05	180.4	68.09	42.79	9.13	0	0	0	0	0	0	0	930.27	9.13
0.3100	170.06	127.82	72.93	226.71	39.05	182.71	68.09	42.79	9.13	0	0	0	0	0	0	0	930.16	9.13
0.3200	166.1	123.42	70.62	228.58	39.05	182.71	68.09	45.1	9.13	0	3.74	0	0	0	0	0	923.67	12.87
0.3300	162.03	121.22	68.42	230.56	41.25	184.91	70.4	42.79	9.13	0	0	0	0	0	0	0	921.58	9.13
0.3400	160.05	116.82	68.42	232.43	41.25	187.22	72.82	45.1	9.13	0	0	0	0	0	0	0	924.11	9.13
0.3500	156.09	114.62	66.22	234.3	41.25	187.22	72.82	45.1	9.13	0	0	0	0	0	0	0	917.62	9.13
0.3600	152.13	110.22	64.02	236.28	41.25	189.53	75.13	45.1	9.13	0	3.74	0	0	0	0	0	913.66	12.87
0.3700	146.19	106.15	61.71	240.02	41.25	191.84	75.13	47.3	9.13	0	0	0	0	0	0	0	909.59	9.13
0.3800	144.21	102.19	59.51	242	41.25	194.15	75.13	45.1	9.13	0	0	0	0	0	0	0	903.54	9.13
0.3900	138.16	100.21	57.31	243.87	43.34	196.46	77.55	47.3	9.13	0	3.74	0	0	0	0	0	904.2	12.87
0.4000	134.2	96.25	55.11	245.85	43.34	196.46	79.86	47.3	9.13	0	0	0	0	0	0	0	898.37	9.13
0.4100	130.24	92.29	53.13	249.59	43.34	198.66	79.86	49.61	9.13	0	3.74	0	0	0	0	0	896.72	12.87
0.4200	124.3	88.33	51.15	253.44	43.34	200.97	82.28	49.61	9.13	0	3.74	0	0	0	0	0	893.42	12.87
0.4300	118.36	82.28	47.19	257.29	45.54	200.97	82.28	51.81	9.13	0	3.74	0	0	0	0	0	885.72	12.87
0.4400	112.42	78.32	45.21	263.01	45.54	203.28	84.59	51.81	9.13	0	0	0	0	0	0	0	884.18	9.13
0.4500	105.82	74.36	43.23	266.86	45.54	203.28	87.01	51.81	9.13	0	3.74	0	0	0	0	0	877.91	12.87
0.4600	99.33	70.4	41.25	272.58	45.54	205.59	87.01	54.12	9.13	0	3.74	0	0	0	0	0	875.82	12.87
0.4700	92.73	64.46	37.29	276.43	47.74	207.9	87.01	56.32	9.13	0	3.74	0	0	0	0	0	869.88	12.87
0.4800	84.04	60.5	35.42	280.61	47.74	207.9	89.32	56.32	9.13	0	0	0	0	0	0	0	861.85	9.13
0.4900	77.55	54.56	31.46	284.9	47.74	207.9	91.74	56.32	11.44	0	3.74	0	0	0	0	0	852.17	15.18
0.5000	70.95	50.82	29.48	289.08	47.74	210.21	91.74	58.63	15.95	0	3.74	0	0	0	0	0	848.65	19.69
0.5100	62.26	45.21	25.52	291.17	47.74	210.21	94.05	60.72	20.57	0	3.74	0	0	0	0	0	836.88	24.31
0.5200	55.88	39.49	21.56	291.17	47.74	210.21	96.47	62.92	22.88	4.18	3.74	0	0	0	0	0	825.44	30.8
0.5300	49.61	35.75	19.58	291.17	45.54	210.21	98.78	62.92	25.08	4.18	3.74	0	0	0	0	0	813.56	33
0.5400	45.54	32.01	17.71	289.08	45.54	210.21	103.51	65.12	29.7	4.18	5.61	0	0	0	0	0	808.72	39.49
0.5500	41.36	28.16	15.73	286.99	45.54	210.21	103.51	67.32	34.32	6.27	5.61	0	0	0	0	0	798.82	46.2
0.5600	39.27	26.29	15.73	282.7	43.34	210.21	105.93	69.41	38.83	8.36	7.59	0	0	0	0	0	792.88	54.78
0.5700	35.09	24.42	11.77	276.43	43.34	210.21	110.66	71.61	45.76	10.45	9.46	0	0	0	0	0	783.53	65.67
0.5800	33.11	18.81	9.79	268.73	41.25	210.21	110.66	73.81	54.89	12.54	11.33	0	0	0	0	0	766.37	78.76
0.5900	28.93	16.94	7.81	263.01	39.05	207.9	113.08	76.01	71.5	16.72	15.18	0	0	0	0	0	752.73	103.4
0.6000	24.75	15.07	7.81	253.44	36.85	205.59	115.28	78.21	92.95	20.9	20.9	7.48	0	0	0	0	737	142.23
0.6100	22.77	13.09	5.83	243.87	34.65	205.59	117.59	78.21	107.25	22.99	24.64	10.01	0	0	0	0	721.6	164.89
0.6200	20.68	11.22	3.85	232.43	32.56	203.28	119.79	80.3	116.71	25.08	28.49	12.54	0	0	0	0	704.11	182.82
0.6300	20.68	11.22	3.85	218.46	30.36	200.97	122.1	82.5	121.22	27.17	30.36	12.54	0	0	0	0	690.14	191.29
0.6400	18.59	11.22	3.85	203.61	25.96	198.66	124.41	86.9	130.35	27.17	34.1	15.07	4.18	0	0	0	673.2	210.87
0.6500	16.5	9.35	3.85	186.56	23.87	196.46	126.61	89.1	137.17	29.26	37.95	15.07	6.27	4.95	3.96	0	652.3	234.63
0.6600	16.5	9.35	0	169.62	21.67	191.84	128.92	91.19	146.3	31.35	41.8	17.6	6.27	7.48	8.03	5.5	629.09	264.33
0.6700	14.41	9.35	0	150.92	19.47	187.22	131.23	93.39	159.94	35.53	47.41	17.6	8.47	12.54	12.1	5.5	605.99	299.09
0.6800	12.32	9.35	0	132.33	17.27	180.4	131.23	95.59	173.69	37.62	55.11	20.13	8.47	17.6	16.06	8.36	578.49	337.04
0.6900	12.32	7.48	0	113.63	15.18	173.47	131.23	97.79	187.77	39.71	63.8	20.13	10.56	22.66	22.11	11.11	551.1	377.85
0.7000	10.34	7.48	0	92.51	15.18	164.12	131.23	99.99	201.74	43.89	70.29	22.66	10.56	27.72	26.18	13.86	520.85	416.9
0.7100	8.25	7.48	0	73.48	12.98	152.13	126.61	102.08	215.82	45.98	78.98	25.19	12.65	32.67	30.25	16.72	483.01	458.26
0.7199	6.16	7.48	0	54.34	12.98	135.41	122.1	104.28	227.48	48.07	85.47	25.19	12.65	37.73	34.32	22.33	442.75	493.24
0.7299	4.07	5.61	0	39.71	12.98	116.16	110.66	106.48	236.72	52.25	89.87	27.72	12.65	42.79	36.3	25.08	395.67	523.38
0.7399	4.07	5.61	0	33.44	12.98	88	91.74	106.48	248.27	54.34	96.36	30.14	14.74	50.38	40.37	30.69	342.32	565.29
0.7499	0	5.61	0	27.17	12.98	57.42	65.67	104.28	259.82	58.63	102.96	32.67	14.74	55.44	42.35	36.19	273.13	602.8
0.7599	0	3.74	0	22.99	12.98	33.88	42.79	99.99	271.37	62.81	109.45	37.73	16.94	62.7	46.42	39.05	216.37	646.47
0.7699	0	3.74	0	18.81	10.78	19.03	24.75	84.7	283.03	69.19	113.85	40.26	16.94	67.54	48.4	41.8	161.81	681.01
0.7799	0	3.74	0	14.63	8.58	10.56	15.73	65.12	292.71	73.48	120.67	42.79	19.03	74.69	50.38	47.41	118.36	721.16
0.7899	0	0	0	12.54	8.58	4.18	11.22	49.61	302.28	77.66	125.29	47.85	19.03	81.84	52.47	50.16	86.13	756.58
0.7999	0	0	0	8.36	4.29	0	6.71	33.77	307.12	81.95	127.6	52.91	19.03	89.1	54.45	53.02	53.13	785.18
0.8099	0	0	0	8.36	0	0	0	13.53	311.96	86.13	132.22	57.97	21.12	96.25	56.54	55.77	21.89	817.96
0.8199	4.07	0	0	8.36	0	0	0	0	311.96	88.33	134.53	62.92	21.12	101.09	58.85	61.49	12.43	840.29
0.8299	4.07	0	0	6.27	0	0	0	0	311.96	90.42	134.53	65.45	23.21	108.24	61.27	64.35	10.34	859.43
0.8399	4.07	0	0	4.18	0	0	0	0	309.54	92.51	136.84	70.4	23.21	115.5	63.69	64.35	8.25	876.04
0.8499	4.07	0	0	4.18	0	0	0	0	304.7	92.51	136.84	72.93	23.21	120.56	68.42	70.18	8.25	889.35
0.8599	6.16	0	0	0	0	0	0	0	297.55	92.51	134.53	77.99	25.41	128.15	73.26	73.15	6.16	902.55
0.8699	6.16	0	0	0	0	0	0	0	287.87	92.51	132.22	80.41	25.41	133.21	75.68	76.01	6.16	903.32
0.8799	6.16	0	0	0	0	0	0	0	280.72	90.42	129.91	82.94	25.41	138.27	78.1	78.98	6.16	904.75
0.8899	4.07	0	0	0	0	0	0	0	271.37	88.33	127.6	85.47	27.5	143.22	82.83	78.98	4.07	905.3
0.8999	4.07	0	0	0	0	0	0	0	262.13	88.33	125.29	88	27.5	148.28	85.25	81.84	4.07	906.62
0.9099	4.07	0	0	0	0	0	0	0	252.89	86.13	120.67	90.53	27.5	150.81	89.98	84.81	4.07	903.32
0.9199	4.07	0	0	0	0	0	0	0	243.65	84.04	116.05	92.95	29.59	155.87	92.4	84.81	4.07	899.36
0.9299	6.16	0	0	0	0	0	0	0	232.1	81.95	111.65	95.48	29.59	160.93	97.24	90.53	6.16	899.47
0.9399	4.07	0	0	0	0	0	0	0	222.86	79.86	109.45	98.01	29.59	165.99	99.66	90.53	4.07	895.95
0.9499	4.07	0	0	0	0	0	0	0	211.09	77.66	102.96	100.54	31.79	171.05	104.39	93.5	4.07	892.98
0.9599	4.07	0	0	0	0	0	0	0	201.74	73.48	98.56	100.54	31.79	175.67	109.23	96.36	4.07	887.37
0.9699	6.16	0	0	0	0	0	0	0	190.08	71.28	96.36	102.96	33.88	180.4	113.96	99.33	6.16	888.25
0.9799	4.07	0	0	0	0	0	0	0	180.73	69.19	92.07	105.49	33.88	185.13	118.58	102.19	4.07	887.26
0.9899	4.07	0	0	0	0	0	0	0	173.69	67.1	87.67	108.02	33.88	187.44	120.89	102.19	4.07	880.88
0.9999	4.07	0	0	0	0	0	0	0	166.76	62.81	85.47	108.02	35.97	192.17	125.62	105.16	4.07	881.98
1.0099	4.07	0	0	0	0	0	0	0	157.63	60.72	81.18	110.55	35.97	196.9	127.93	108.02	4.07	878.9
1.0199	6.16	0	0	0	0	0	0	0	148.5	58.63	76.78	113.08	35.97	199.32	130.24	108.02	6.16	870.54
1.0299	4.07	0	0	0	0	0	0	0	141.68	56.43	72.49	115.5	35.97	203.94	134.86	110.99	4.07	871.86
1.0399	4.07	0	0	0	0	0	0	0	134.86	52.25	68.09	115.5	38.06	206.36	139.59	113.52	4.07	868.23
1.0499	6.16	0	0	0	0	0	0	0	128.04	50.16	65.89	118.03	38.06	208.67	141.9	113.52	6.16	864.27
1.0599	6.16	0	0	0	0	0	0	0	121.22	48.07	61.6	118.03	40.26	213.4	144.21	116.05	6.16	862.84
1.0699	4.07	0	0	0	0	0	0	0	114.51	43.89	57.2	120.45	40.26	215.82	148.83	118.58	4.07	859.54
1.0799	6.16	0	0	0	0	0	0	0	107.25	41.8	55.11	122.98	40.26	218.13	148.83	118.58	6.16	852.94
1.0899	6.16	0	0	0	0	0	0	0	97.79	39.71	49.39	125.51	40.26	222.97	151.14	121.11	6.16	847.88
1.0999	4.07	0	0	0	0	0	0	0	88.22	35.53	45.54	127.93	42.35	222.97	153.56	121.11	4.07	837.21
1.1099	6.16	0	0	0	0	0	0	0	81.07	33.44	41.8	130.46	42.35	225.39	155.87	123.64	6.16	834.02
1.1199	4.07	0	0	0	0	0	0	0	76.23	31.35	37.95	132.88	44.44	227.81	158.18	126.17	4.07	835.01
1.1299	6.16	0	0	4.18	0	0	0	0	69.08	29.26	34.1	135.41	44.44	227.81	160.49	126.17	10.34	826.76
1.1399	6.16	0	0	4.18	0	0	0	0	61.93	27.17	30.36	135.41	44.44	230.34	162.8	128.7	10.34	821.15
1.1499	6.16	0	0	6.27	0	0	0	0	54.89	22.99	26.51	135.41	44.44	232.76	165.11	128.7	12.43	810.81
1.1599	8.25	3.74	0	4.18	0	0	0	0	47.96	20.9	24.64	135.41	44.44	232.76	169.95	133.76	16.17	809.82
1.1699	10.34	3.74	0	6.27	0	0	0	0	41.14	18.81	18.92	135.41	42.35	235.18	172.37	133.76	20.35	797.94
1.1799	12.32	5.61	0	6.27	0	0	0	0	34.32	14.63	15.18	132.88	42.35	235.18	172.37	138.82	24.2	785.73
1.1899	20.68	9.35	3.85	8.36	0	0	0	0	29.7	12.54	11.33	132.88	42.35	235.18	174.79	138.82	42.24	777.59
1.1999	33.11	16.94	7.81	12.54	0	0	0	0	27.39	10.45	11.33	130.46	40.26	235.18	174.79	141.35	70.4	771.21
1.2099	60.06	30.14	17.71	27.17	0	0	0	0	25.08	8.36	9.46	130.46	38.06	237.6	174.79	143.88	135.08	767.69
1.2199	112.42	50.82	37.29	41.8	6.49	8.47	0	0	20.57	8.36	5.61	125.51	35.97	237.6	172.37	143.88	257.29	749.87
1.2299	148.17	68.42	47.19	48.07	12.98	10.56	0	0	20.57	6.27	5.61	122.98	31.79	237.6	167.53	143.88	335.39	736.23
1.2399	164.01	76.34	53.13	56.54	17.27	16.94	0	0	20.57	6.27	5.61	115.5	27.5	237.6	162.8	143.88	384.23	719.73
1.2499	168.08	84.37	61.71	65.01	21.67	25.41	6.71	0	18.26	6.27	3.74	102.96	23.21	235.18	155.87	141.35	432.96	686.84
1.2599	164.01	86.35	64.02	69.19	21.67	40.26	13.53	4.51	18.26	4.18	3.74	90.53	16.94	227.81	148.83	138.82	463.54	649.11
1.2699	160.05	88.33	66.22	73.48	21.67	50.82	18.04	6.71	15.95	4.18	3.74	75.46	12.65	220.55	141.9	136.29	485.32	610.72
1.2799	166.1	96.25	70.62	81.95	23.87	59.73	22.55	9.02	15.95	4.18	0	57.97	10.56	208.67	137.17	131.23	530.09	565.73
1.2899	178.2	106.15	77.33	88.33	25.96	71.5	27.06	9.02	13.64	4.18	0	40.26	8.47	192.17	130.24	128.7	583.55	517.66
1.2999	188.32	114.62	86.24	94.6	25.96	78.54	31.57	11.22	13.64	0	0	25.19	6.27	171.05	125.62	123.64	631.07	465.41
1.3099	194.37	121.22	90.75	100.98	28.16	85.58	33.77	13.53	11.44	0	0	15.07	6.27	140.8	120.89	118.58	668.36	413.05
1.3199	200.53	127.82	92.95	107.36	28.16	90.31	33.77	15.73	9.13	0	0	7.48	4.18	105.82	113.96	113.52	696.63	354.09
1.3299	204.49	134.42	95.15	113.63	30.36	95.04	36.08	15.73	9.13	0	0	0	4.18	72.27	99.66	105.16	724.9	290.4
1.3399	208.56	141.02	97.46	119.9	30.36	99.66	36.08	18.04	6.82	0	0	0	4.18	45.32	78.1	93.5	751.08	227.92
1.3499	210.65	145.42	99.66	128.15	30.36	104.39	38.28	18.04	6.82	0	0	0	6.27	25.19	56.54	81.84	774.95	176.66
1.3599	214.61	152.02	99.66	138.49	30.36	111.43	38.28	20.24	4.51	0	0	0	4.18	12.54	40.37	67.32	805.09	128.92
1.3699	214.61	156.42	99.66	146.74	30.36	116.16	38.28	20.24	4.51	0	0	0	4.18	7.48	32.23	53.02	822.47	101.42
1.3799	214.61	160.82	99.66	155.1	30.36	123.42	38.28	22.55	4.51	0	0	0	0	4.95	26.18	33.44	844.8	69.08
1.3899	212.63	163.02	99.66	163.35	32.56	130.57	40.59	22.55	4.51	0	0	0	0	0	18.15	13.86	864.93	36.52
1.3999	210.65	165.22	99.66	171.71	32.56	135.41	40.59	24.75	4.51	0	0	0	0	0	10.01	5.5	880.55	20.02
1.4099	208.56	165.22	99.66	180.18	34.65	140.14	42.79	24.75	4.51	0	0	0	0	0	0	0	895.95	4.51
1.4199	206.58	165.22	97.46	186.56	34.65	144.98	45.1	27.06	4.51	0	0	0	0	0	0	0	907.61	4.51
1.4299	202.51	163.02	97.46	192.94	34.65	149.71	47.3	27.06	4.51	0	0	0	0	0	0	0	914.65	4.51
1.4399	198.44	160.82	95.15	199.32	36.85	154.55	47.3	29.26	4.51	0	0	0	0	0	0	0	921.69	4.51
1.4499	192.39	156.42	90.75	203.61	36.85	159.28	49.61	29.26	4.51	0	0	0	0	0	0	0	918.17	4.51
1.4599	184.25	149.82	88.55	207.79	39.05	164.12	54.12	31.57	4.51	0	0	0	0	0	0	0	919.27	4.51
1.4699	176.22	143.22	84.04	212.08	39.05	168.96	56.32	31.57	4.51	0	0	0	0	0	0	0	911.46	4.51
1.4799	170.06	136.62	79.53	216.26	41.25	173.47	60.94	33.77	4.51	0	0	0	0	0	0	0	911.9	4.51
1.4899	164.01	130.02	77.33	218.46	41.25	178.09	63.36	33.77	4.51	0	0	0	0	0	0	0	906.29	4.51
1.4999	158.07	123.42	75.13	220.55	43.34	180.4	65.67	36.08	4.51	0	0	0	0	0	0	0	902.66	4.51
1.5099	152.13	119.02	70.62	224.84	45.54	182.71	68.09	36.08	4.51	0	0	0	0	0	0	0	899.03	4.51
1.5199	148.17	114.62	68.42	226.71	45.54	184.91	72.82	36.08	0	0	0	0	0	0	0	0	897.27	0
1.5299	144.21	110.22	66.22	228.58	47.74	187.22	75.13	38.28	0	0	0	0	0	0	0	0	897.6	0
1.5399	140.25	106.15	66.22	228.58	49.94	189.53	77.55	38.28	4.51	0	0	0	0	0	0	0	896.5	4.51
1.5499	136.18	102.19	64.02	230.56	49.94	191.84	79.86	40.59	0	0	0	0	0	0	0	0	895.18	0
1.5599	132.22	100.21	61.71	230.56	49.94	194.15	82.28	40.59	0	0	0	0	0	0	0	0	891.66	0
1.5699	130.24	96.25	59.51	232.43	52.03	196.46	84.59	40.59	0	0	0	0	0	0	0	0	892.1	0
1.5799	124.3	92.29	57.31	232.43	52.03	196.46	89.32	42.79	0	0	0	0	0	0	0	0	886.93	0
1.5899	120.34	88.33	55.11	232.43	54.23	198.66	91.74	42.79	0	0	0	0	0	0	0	0	883.63	0
1.5999	116.38	86.35	53.13	234.3	54.23	198.66	94.05	42.79	0	0	0	0	0	0	0	0	879.89	0
1.6099	114.4	82.28	53.13	234.3	56.43	200.97	96.47	45.1	0	0	0	0	0	0	0	0	883.08	0
1.6199	108.02	78.32	49.17	236.28	56.43	203.28	98.78	45.1	0	0	0	0	0	0	0	0	875.38	0
1.6299	101.42	74.36	47.19	236.28	56.43	203.28	101.2	47.3	0	0	0	0	0	0	0	0	867.46	0
1.6399	97.13	68.42	45.21	238.15	58.63	205.59	101.2	47.3	0	0	0	0	0	0	0	0	861.63	0
1.6499	90.53	64.46	41.25	238.15	58.63	207.9	105.93	49.61	0	0	0	0	0	0	0	0	856.46	0
1.6599	84.04	60.5	39.27	240.02	58.63	207.9	108.24	49.61	0	0	0	0	0	0	0	0	848.21	0
1.6699	77.55	56.54	35.42	240.02	58.63	210.21	110.66	49.61	0	0	0	0	0	0	0	0	838.64	0
1.6799	70.95	50.82	33.44	242	58.63	210.21	113.08	51.81	0	0	0	0	0	0	0	0	830.94	0
1.6899	64.46	45.21	29.48	242	60.72	210.21	115.28	51.81	0	0	0	0	0	0	0	0	819.17	0
1.6999	55.88	41.36	25.52	243.87	60.72	210.21	117.59	54.12	0	0	0	0	0	0	0	0	809.27	0
1.7099	49.61	37.62	21.56	243.87	58.63	210.21	122.1	56.32	0	0	0	0	0	0	0	0	799.92	0
1.7199	43.45	33.88	19.58	243.87	58.63	210.21	126.61	56.32	0	0	0	0	0	0	0	0	792.55	0
1.7299	39.27	30.14	17.71	243.87	58.63	210.21	128.92	58.63	0	0	0	0	0	0	0	0	787.38	0
1.7399	37.18	28.16	15.73	243.87	58.63	210.21	133.43	60.72	0	0	0	0	0	0	0	0	787.93	0
1.7499	35.09	26.29	15.73	242	58.63	210.21	137.94	65.12	0	0	0	0	0	0	0	0	791.01	0
1.7599	33.11	24.42	13.75	238.15	56.43	210.21	142.56	67.32	4.51	0	0	0	0	0	0	0	785.95	4.51
1.7699	28.93	20.68	11.77	234.3	54.23	210.21	144.76	69.41	4.51	0	0	0	0	0	0	0	774.29	4.51
1.7799	26.84	18.81	9.79	230.56	54.23	210.21	149.38	71.61	9.13	0	0	0	0	0	0	0	771.43	9.13
1.7899	24.75	16.94	7.81	222.64	52.03	207.9	151.58	76.01	13.64	0	0	0	0	0	0	0	759.66	13.64
1.7999	22.77	13.09	7.81	216.26	47.74	207.9	153.89	78.21	18.26	0	0	0	0	0	0	0	747.67	18.26
1.8099	18.59	11.22	5.83	207.79	45.54	207.9	156.09	80.3	22.88	0	0	0	0	0	0	0	733.26	22.88
1.8199	16.5	11.22	3.85	197.23	43.34	205.59	158.4	84.7	32.01	4.18	3.74	0	0	0	0	0	720.83	39.93
1.8299	16.5	9.35	3.85	186.56	39.05	203.28	160.71	86.9	47.96	8.36	9.46	4.95	0	0	0	0	706.2	70.73
1.8399	14.41	9.35	0	176	36.85	203.28	160.71	89.1	81.07	16.72	18.92	12.54	4.18	0	0	0	689.7	133.43
1.8499	14.41	9.35	0	163.35	32.56	198.66	160.71	93.39	121.22	25.08	30.36	15.07	6.27	0	6.05	0	672.43	204.05
1.8599	12.32	7.48	0	148.83	28.16	196.46	162.91	93.39	148.5	31.35	39.82	17.6	8.47	0	10.01	0	649.55	255.75
1.8699	12.32	7.48	0	134.31	25.96	191.84	162.91	97.79	159.94	33.44	47.41	20.13	8.47	4.95	18.15	0	632.61	292.49
1.8799	10.34	7.48	0	117.81	21.67	184.91	162.91	99.99	169.07	35.53	53.13	20.13	10.56	10.01	24.2	5.5	605.11	328.13
1.8899	10.34	7.48	0	100.98	19.47	175.78	160.71	102.08	173.69	35.53	59.4	20.13	10.56	15.07	28.27	5.5	576.84	348.15
1.8999	8.25	7.48	0	81.95	17.27	164.12	160.71	102.08	183.04	37.62	65.89	20.13	10.56	22.66	34.32	8.36	541.86	382.58
1.9099	6.16	5.61	0	62.81	15.18	149.71	158.4	104.28	190.08	41.8	74.69	22.66	12.65	30.14	38.28	11.11	502.15	421.41
1.9199	4.07	5.61	0	43.89	12.98	130.57	151.58	104.28	201.74	43.89	81.18	25.19	12.65	37.73	40.37	13.86	452.98	456.61
1.9299	4.07	5.61	0	33.44	12.98	104.39	140.25	106.48	213.51	48.07	89.87	27.72	14.74	45.32	44.33	22.33	407.22	505.89
1.9399	0	5.61	0	27.17	15.18	76.23	117.59	104.28	227.48	52.25	98.56	30.14	14.74	50.38	48.4	27.83	346.06	549.78
1.9499	0	3.74	0	20.9	12.98	48.73	82.28	102.08	239.03	54.34	107.25	32.67	16.94	57.97	52.47	36.19	270.71	596.86
1.9599	0	3.74	0	16.72	12.98	29.59	49.61	95.59	252.89	58.63	113.85	35.2	16.94	65.12	54.45	41.8	208.23	638.88
1.9699	0	3.74	0	14.63	12.98	14.74	27.06	80.3	269.06	62.81	122.98	37.73	19.03	69.85	58.85	47.41	153.45	687.72
1.9799	0	0	0	10.45	8.58	8.47	15.73	60.72	280.72	67.1	132.22	40.26	19.03	77.11	63.69	50.16	103.95	730.29
1.9899	0	0	0	8.36	6.49	4.18	11.22	42.79	292.71	71.28	139.15	42.79	21.12	84.26	66.11	53.02	73.04	770.44
1.9999	0	0	0	6.27	0	0	4.51	20.24	302.28	75.57	143.66	47.85	23.21	89.1	70.84	58.63	31.02	811.14
2.0099	0	0	0	6.27	0	0	0	0	307.12	77.66	145.97	50.38	23.21	93.83	73.26	61.49	6.27	832.92
2.0199	4.07	0	0	4.18	0	0	0	0	309.54	81.95	150.59	55.44	23.21	101.09	73.26	64.35	8.25	859.43
2.0299	4.07	0	0	4.18	0	0	0	0	309.54	84.04	152.9	57.97	25.41	105.82	78.1	67.32	8.25	881.1
2.0399	4.07	0	0	0	0	0	0	0	307.12	84.04	152.9	62.92	25.41	113.08	80.41	70.18	4.07	896.06
2.0499	4.07	0	0	0	0	0	0	0	302.28	86.13	150.59	65.45	25.41	118.03	80.41	73.15	4.07	901.45
2.0599	4.07	0	0	0	0	0	0	0	295.13	86.13	148.28	67.98	27.5	123.09	82.83	76.01	4.07	906.95
2.0699	4.07	0	0	0	0	0	0	0	285.45	86.13	145.97	72.93	27.5	128.15	85.25	76.01	4.07	907.39
2.0799	4.07	0	0	0	0	0	0	0	275.99	86.13	141.35	75.46	29.59	133.21	87.67	78.98	4.07	908.38
2.0899	4.07	0	0	0	0	0	0	0	264.44	84.04	136.84	80.41	29.59	138.27	89.98	81.84	4.07	905.41
2.0999	4.07	0	0	0	0	0	0	0	255.2	84.04	132.22	82.94	31.79	145.75	92.4	84.81	4.07	909.15
2.1099	4.07	0	0	0	0	0	0	0	243.65	81.95	125.29	85.47	31.79	150.81	94.82	84.81	4.07	898.59
2.1199	4.07	0	0	0	0	0	0	0	232.1	81.95	120.67	90.53	31.79	155.87	97.24	87.67	4.07	897.82
2.1299	4.07	0	0	0	0	0	0	0	220.55	79.86	113.85	92.95	33.88	160.93	99.66	90.53	4.07	892.21
2.1399	4.07	0	0	0	0	0	0	0	211.09	77.66	109.45	98.01	33.88	165.99	101.97	93.5	4.07	891.55
2.1498	4.07	0	0	0	0	0	0	0	197.12	75.57	102.96	100.54	33.88	173.36	106.81	96.36	4.07	886.6
2.1598	4.07	0	0	0	0	0	0	0	185.46	71.28	96.36	105.49	35.97	180.4	109.23	99.33	4.07	883.52
2.1698	0	0	0	0	0	0	0	0	171.38	69.19	92.07	108.02	35.97	185.13	113.96	102.19	0	877.91
2.1798	4.07	0	0	0	0	0	0	0	159.94	64.9	85.47	110.55	38.06	192.17	118.58	105.16	4.07	874.83
2.1898	4.07	0	0	0	0	0	0	0	148.5	60.72	78.98	115.5	38.06	196.9	120.89	108.02	4.07	867.57
2.1998	4.07	0	0	0	0	0	0	0	137.17	58.63	72.49	120.45	38.06	203.94	123.2	110.99	4.07	864.93
2.2098	4.07	0	0	0	0	0	0	0	125.84	54.34	65.89	122.98	40.26	208.67	127.93	116.05	4.07	861.96
2.2198	4.07	0	0	0	0	0	0	0	116.71	50.16	59.4	125.51	40.26	215.82	130.24	116.05	4.07	854.15
2.2298	4.07	0	0	0	0	0	0	0	104.94	45.98	53.13	127.93	40.26	220.55	134.86	121.11	4.07	848.76
2.2398	4.07	0	0	0	0	0	0	0	95.37	41.8	47.41	130.46	40.26	225.39	137.17	123.64	4.07	841.5
2.2498	4.07	0	0	0	0	0	0	0	83.38	37.62	41.8	135.41	40.26	230.34	139.59	123.64	4.07	832.04
2.2598	4.07	0	0	0	0	0	0	0	71.5	33.44	36.08	137.94	42.35	232.76	144.21	126.17	4.07	824.45
2.2698	4.07	0	0	0	0	0	0	0	61.93	29.26	30.36	140.36	42.35	237.6	146.52	128.7	4.07	817.08
2.2798	0	0	0	0	0	0	0	0	52.58	25.08	26.51	142.89	42.35	240.13	151.14	131.23	0	811.91
2.2898	4.07	0	0	0	0	0	0	0	45.76	20.9	20.9	142.89	42.35	242.55	153.56	133.76	4.07	802.67
2.2998	4.07	0	0	0	0	0	0	0	36.52	18.81	17.05	140.36	42.35	242.55	158.18	136.29	4.07	792.11
2.3098	4.07	0	0	0	0	0	0	0	32.01	14.63	13.2	140.36	40.26	242.55	162.8	138.82	4.07	784.63
2.3198	4.07	0	0	4.18	0	0	0	0	27.39	14.63	11.33	137.94	40.26	244.97	167.53	141.35	8.25	785.4
2.3298	4.07	0	0	4.18	0	0	0	0	25.08	12.54	11.33	137.94	38.06	244.97	172.37	146.41	8.25	788.7
2.3398	6.16	0	0	4.18	0	0	0	0	22.88	10.45	9.46	135.41	38.06	247.39	177.21	148.94	10.34	789.8
2.3498	6.16	0	0	4.18	0	0	0	0	20.57	8.36	7.59	130.46	35.97	247.39	179.63	151.47	10.34	781.44
2.3598	6.16	3.74	0	4.18	0	0	0	0	18.26	6.27	5.61	127.93	33.88	247.39	184.58	154	14.08	777.92
2.3698	6.16	3.74	0	0	0	0	0	0	18.26	6.27	5.61	122.98	31.79	247.39	184.58	156.53	9.9	773.41
2.3798	8.25	3.74	0	4.18	0	0	0	0	18.26	6.27	3.74	118.03	29.59	249.92	189.42	159.06	16.17	774.29
2.3898	10.34	5.61	0	6.27	0	0	0	0	15.95	4.18	3.74	113.08	27.5	249.92	191.84	159.06	22.22	765.27
2.3998	14.41	7.48	0	8.36	0	0	0	0	15.95	4.18	3.74	105.49	23.21	249.92	191.84	161.59	30.25	755.92
2.4098	24.75	15.07	5.83	18.81	0	0	0	0	15.95	4.18	3.74	98.01	19.03	249.92	194.37	164.12	64.46	749.32
2.4198	43.45	24.42	13.75	31.35	0	6.27	0	0	13.64	4.18	0	90.53	16.94	247.39	194.37	164.12	119.24	731.17
2.4298	84.04	41.36	27.5	39.71	12.98	10.56	0	0	13.64	4.18	0	82.94	14.74	244.97	191.84	164.12	216.15	716.43
2.4398	140.25	64.46	45.21	48.07	17.27	16.94	4.51	0	13.64	4.18	0	75.46	10.56	242.55	189.42	166.76	336.71	702.57
2.4498	166.1	76.34	55.11	56.54	19.47	25.41	11.22	0	13.64	0	0	62.92	10.56	237.6	184.58	164.12	410.19	673.42
2.4598	164.01	80.3	59.51	58.63	19.47	42.35	20.24	0	11.44	0	0	52.91	8.47	230.34	177.21	164.12	444.51	644.49
2.4698	156.09	78.32	59.51	60.72	19.47	52.91	27.06	4.51	11.44	0	0	40.26	6.27	220.55	174.79	164.12	458.59	617.43
2.4798	154.11	80.3	61.71	65.01	21.67	64.46	31.57	6.71	11.44	0	0	27.72	6.27	203.94	169.95	161.59	485.54	580.91
2.4898	160.05	86.35	66.22	71.28	21.67	76.23	38.28	9.02	9.13	0	0	17.6	4.18	180.4	165.11	159.06	529.1	535.48
2.4998	168.08	94.27	72.93	75.57	23.87	85.58	42.79	11.22	9.13	0	0	10.01	4.18	148.28	158.18	154	574.31	483.78
2.5098	178.2	100.21	79.53	79.75	23.87	95.04	47.3	15.73	6.82	0	0	4.95	4.18	110.66	148.83	148.94	619.63	424.38
2.5198	188.32	106.15	86.24	84.04	25.96	99.66	51.81	15.73	4.51	0	0	0	4.18	77.11	127.93	141.35	657.91	355.08
2.5298	196.46	112.42	90.75	88.33	28.16	106.7	58.63	20.24	0	0	0	0	4.18	50.38	97.24	131.23	701.69	283.03
2.5398	204.49	116.82	95.15	92.51	28.16	111.43	63.36	22.55	0	0	0	0	6.27	27.72	66.11	113.52	734.47	213.62
2.5498	210.65	123.42	99.66	96.8	30.36	118.58	65.67	24.75	0	0	0	0	6.27	15.07	48.4	93.5	769.89	163.24
2.5598	218.68	127.82	104.06	100.98	32.56	123.42	70.4	27.06	0	0	0	0	4.18	7.48	38.28	76.01	804.98	125.95
2.5698	220.77	132.22	106.37	107.36	34.65	130.57	72.82	29.26	0	0	0	0	4.18	0	32.23	39.05	834.02	75.46
2.5798	220.77	136.62	106.37	113.63	36.85	137.72	77.55	31.57	0	0	0	0	0	0	24.2	16.72	861.08	40.92
2.5898	218.68	136.62	106.37	119.9	36.85	144.98	79.86	33.77	0	0	0	0	0	0	16.06	11.11	877.03	27.17
2.5998	214.61	138.82	104.06	126.06	39.05	152.13	84.59	36.08	0	0	0	0	0	0	8.03	5.5	895.4	13.53
2.6098	212.63	136.62	101.86	130.24	39.05	156.97	87.01	38.28	0	0	0	0	0	0	3.96	0	902.66	3.96
2.6198	206.58	136.62	99.66	136.4	41.25	164.12	89.32	38.28	0	0	0	0	0	0	0	0	912.23	0
2.6298	200.53	132.22	97.46	142.67	43.34	168.96	94.05	40.59	0	0	0	0	0	0	0	0	919.82	0
2.6398	192.39	127.82	92.95	144.76	43.34	173.47	98.78	42.79	0	0	0	0	0	0	0	0	916.3	0
2.6498	184.25	121.22	88.55	148.83	45.54	178.09	103.51	45.1	0	0	0	0	0	0	0	0	915.09	0
2.6598	172.15	114.62	84.04	150.92	47.74	180.4	108.24	45.1	0	0	0	0	0	0	0	0	903.21	0
2.6698	164.01	106.15	77.33	155.1	47.74	184.91	113.08	47.3	0	0	0	0	0	0	0	0	895.62	0
2.6798	154.11	100.21	72.93	157.08	49.94	187.22	117.59	49.61	0	0	0	0	0	0	0	0	888.69	0
2.6898	146.19	94.27	68.42	159.17	52.03	189.53	119.79	51.81	0	0	0	0	0	0	0	0	881.21	0
2.6998	138.16	88.33	64.02	159.17	52.03	191.84	124.41	51.81	0	0	0	0	0	0	0	0	869.77	0
2.7098	128.26	84.37	59.51	161.26	54.23	194.15	126.61	54.12	0	0	0	0	0	0	0	0	862.51	0
2.7198	122.32	76.34	55.11	163.35	54.23	196.46	131.23	56.32	0	0	0	0	0	0	0	0	855.36	0
2.7298	114.4	72.38	51.15	165.44	56.43	198.66	133.43	56.32	0	0	0	0	0	0	0	0	848.21	0
2.7398	105.82	66.44	47.19	167.53	56.43	198.66	135.74	58.63	0	0	0	0	0	0	0	0	836.44	0
2.7498	97.13	60.5	43.23	169.62	56.43	200.97	140.25	58.63	0	0	0	0	0	0	0	0	826.76	0
2.7598	90.53	54.56	39.27	169.62	56.43	200.97	142.56	60.72	0	0	0	0	0	0	0	0	814.66	0
2.7698	79.64	48.95	35.42	171.71	58.63	200.97	144.76	60.72	0	0	0	0	0	0	0	0	800.8	0
2.7798	70.95	45.21	31.46	173.8	60.72	203.28	147.07	60.72	0	0	0	0	0	0	0	0	793.21	0
2.7898	64.46	41.36	29.48	176	60.72	203.28	147.07	62.92	0	0	0	0	0	0	0	0	785.29	0
2.7998	57.97	37.62	25.52	178.09	60.72	203.28	149.38	62.92	0	0	0	0	0	0	0	0	775.5	0
2.8098	51.7	35.75	23.54	180.18	60.72	203.28	151.58	62.92	0	0	0	0	0	0	0	0	769.67	0
2.8198	47.52	32.01	19.58	182.38	62.92	203.28	153.89	65.12	0	0	0	0	0	0	0	0	766.7	0
2.8298	41.36	28.16	17.71	182.38	62.92	203.28	158.4	65.12	0	0	0	0	0	0	0	0	759.33	0
2.8398	39.27	26.29	17.71	182.38	60.72	203.28	160.71	67.32	0	0	0	0	0	0	0	0	757.68	0
2.8498	37.18	24.42	15.73	184.47	60.72	203.28	162.91	69.41	0	0	0	0	0	0	0	0	758.12	0
2.8598	35.09	22.55	15.73	184.47	60.72	203.28	165.22	69.41	0	0	0	0	0	0	0	0	756.47	0
2.8698	33.11	20.68	13.75	184.47	60.72	203.28	167.53	71.61	0	0	0	0	0	0	0	0	755.15	0
2.8798	31.02	20.68	13.75	184.47	60.72	203.28	169.84	73.81	0	0	0	0	0	0	0	0	757.57	0
2.8898	28.93	18.81	11.77	182.38	58.63	203.28	172.15	73.81	0	0	0	0	0	0	0	0	749.76	0
2.8998	26.84	16.94	9.79	182.38	58.63	203.28	174.46	76.01	0	0	0	0	0	0	0	0	748.33	0
2.9098	24.75	15.07	9.79	180.18	56.43	203.28	176.77	76.01	0	0	0	0	0	0	0	0	742.28	0
2.9198	22.77	15.07	7.81	178.09	56.43	200.97	179.08	78.21	4.51	0	0	0	0	0	0	0	738.43	4.51
2.9298	20.68	11.22	5.83	173.8	54.23	200.97	181.5	78.21	11.44	0	0	0	0	0	0	0	726.44	11.44
2.9398	20.68	11.22	5.83	169.62	52.03	200.97	183.81	80.3	20.57	0	0	0	0	0	0	0	724.46	20.57
2.9498	18.59	9.35	3.85	163.35	49.94	198.66	186.12	82.5	29.7	0	3.74	4.95	0	0	0	0	712.36	38.39
2.9598	16.5	7.48	3.85	157.08	47.74	196.46	190.74	84.7	34.32	4.18	3.74	7.48	0	0	0	0	704.55	49.72
2.9698	16.5	7.48	0	150.92	45.54	196.46	190.74	86.9	38.83	6.27	7.59	12.54	0	0	0	0	694.54	65.23
2.9798	14.41	7.48	0	142.67	41.25	194.15	193.05	89.1	43.45	6.27	9.46	17.6	10.56	0	0	0	682.11	87.34
2.9898	14.41	7.48	0	136.4	39.05	194.15	195.47	91.19	54.89	6.27	13.2	17.6	12.65	0	3.96	0	678.15	108.57
2.9998	12.32	7.48	0	128.15	34.65	191.84	197.78	91.19	66.66	10.45	18.92	17.6	16.94	0	6.05	0	663.41	136.62
3.0098	12.32	7.48	0	119.9	32.56	189.53	197.78	93.39	78.65	14.63	24.64	22.66	21.12	0	8.03	5.5	652.96	175.23
3.0198	12.32	5.61	0	109.45	28.16	184.91	200.09	97.79	90.53	18.81	32.23	30.14	25.41	0	22.11	11.11	638.33	230.34
3.0298	10.34	5.61	0	96.8	25.96	180.4	200.09	99.99	109.67	22.99	41.8	32.67	29.59	4.95	30.25	13.86	619.19	285.78
3.0398	8.25	5.61	0	86.13	23.87	173.47	200.09	102.08	125.84	27.17	53.13	35.2	31.79	10.01	36.3	16.72	599.5	336.16
3.0498	8.25	5.61	0	73.48	19.47	166.54	202.4	104.28	139.48	31.35	63.8	37.73	33.88	17.6	42.35	22.33	580.03	388.52
3.0598	6.16	5.61	0	58.63	19.47	152.13	202.4	106.48	153.12	31.35	74.69	40.26	35.97	25.19	48.4	33.44	550.88	442.42
3.0698	4.07	5.61	0	41.8	17.27	137.72	200.09	106.48	164.45	33.44	83.38	40.26	38.06	30.14	54.45	41.8	513.04	485.98
3.0798	4.07	5.61	0	31.35	15.18	116.16	195.47	108.68	173.69	35.53	92.07	42.79	40.26	35.2	61.27	47.41	476.52	528.22
3.0898	0	3.74	0	25.08	15.18	88	181.5	108.68	183.04	37.62	98.56	45.32	42.35	37.73	66.11	53.02	422.18	563.75
3.0998	0	3.74	0	18.81	15.18	59.73	151.58	106.48	187.77	39.71	102.96	47.85	44.44	42.79	70.84	58.63	355.52	594.99
3.1098	0	0	0	16.72	15.18	40.26	108.24	102.08	194.81	41.8	109.45	52.91	46.53	47.85	75.68	64.35	282.48	633.38
3.1198	0	0	0	12.54	15.18	25.41	60.94	95.59	199.43	45.98	113.85	55.44	46.53	50.38	80.41	67.32	209.66	659.34
3.1298	0	0	0	10.45	12.98	14.74	33.77	82.5	208.78	48.07	118.36	60.39	48.73	55.44	85.25	73.15	154.44	698.17
3.1398	0	0	0	8.36	12.98	6.27	20.24	67.32	215.82	52.25	122.98	65.45	50.82	60.28	92.4	76.01	115.17	736.01
3.1498	0	0	0	6.27	10.78	0	13.53	49.61	222.86	54.34	129.91	70.4	52.91	65.12	97.24	81.84	80.19	774.62
3.1598	0	0	0	4.18	6.49	0	9.02	29.26	227.48	58.63	132.22	75.46	55.11	69.85	101.97	87.67	48.95	808.39
3.1698	0	0	0	4.18	0	0	4.51	4.51	229.79	60.72	134.53	80.41	57.53	74.69	109.23	90.53	13.2	837.43
3.1798	0	0	0	0	0	0	0	0	229.79	62.81	139.15	85.47	60.06	79.53	116.27	96.36	0	869.44
3.1898	0	0	0	0	0	0	0	0	227.48	62.81	139.15	90.53	62.59	86.68	120.89	102.19	0	892.32
3.1998	0	0	0	0	0	0	0	0	222.86	62.81	139.15	95.48	65.12	89.1	127.93	108.02	0	910.47
3.2098	0	0	0	0	0	0	0	0	218.13	62.81	136.84	98.01	67.65	93.83	134.86	116.05	0	928.18
3.2198	0	0	0	0	0	0	0	0	211.09	60.72	134.53	98.01	70.18	98.67	144.21	118.58	0	935.99
3.2298	0	0	0	0	0	0	0	0	201.74	58.63	132.22	100.54	70.18	101.09	148.83	123.64	0	936.87
3.2398	0	0	0	0	0	0	0	0	192.39	56.43	127.6	102.96	72.71	103.4	155.87	126.17	0	937.53
3.2498	0	0	0	0	0	0	0	0	183.04	54.34	122.98	102.96	75.24	108.24	160.49	131.23	0	938.52
3.2598	0	0	0	0	0	0	0	0	173.69	50.16	116.05	105.49	77.77	110.66	167.53	133.76	0	935.11
3.2698	0	0	0	0	0	0	0	0	164.45	48.07	111.65	105.49	77.77	113.08	172.37	136.29	0	929.17
3.2798	0	0	0	0	0	0	0	0	153.12	48.07	105.05	108.02	80.3	115.5	177.21	138.82	0	926.09
3.2898	0	0	0	0	0	0	0	0	146.3	43.89	98.56	110.55	80.3	118.03	184.58	143.88	0	926.09
3.2998	0	0	0	0	0	0	0	0	137.17	41.8	94.27	110.55	82.83	120.56	187	146.41	0	920.59
3.3098	0	0	0	0	0	0	0	0	130.35	39.71	89.87	110.55	82.83	123.09	194.37	148.94	0	919.71
3.3198	0	0	0	0	0	0	0	0	123.53	37.62	85.47	113.08	85.25	125.62	196.79	148.94	0	916.3
3.3298	0	0	0	0	0	0	0	0	119.02	35.53	83.38	113.08	85.25	128.15	201.63	151.47	0	917.51
3.3398	0	0	0	0	0	0	0	0	112.09	33.44	78.98	115.5	85.25	130.68	204.05	154	0	913.99
3.3498	0	0	0	0	0	0	0	0	107.25	31.35	74.69	118.03	87.78	133.21	206.47	154	0	912.78
3.3598	0	0	0	0	0	0	0	0	102.52	31.35	70.29	118.03	87.78	135.74	209	156.53	0	911.24
3.3698	0	0	0	0	0	0	0	0	95.37	29.26	65.89	120.45	87.78	138.27	213.84	159.06	0	909.92
3.3798	0	0	0	0	0	0	0	0	90.53	27.17	61.6	120.45	90.31	140.8	216.26	159.06	0	906.18
3.3898	0	0	0	0	0	0	0	0	85.8	25.08	57.2	122.98	90.31	143.22	221.21	161.59	0	907.39
3.3998	0	0	0	0	0	0	0	0	78.65	22.99	53.13	122.98	90.31	145.75	223.52	164.12	0	901.45
3.4098	0	0	0	0	0	0	0	0	71.5	20.9	49.39	125.51	90.31	148.28	225.94	166.76	0	898.59
3.4198	0	0	0	0	0	0	0	0	66.66	18.81	45.54	125.51	90.31	150.81	230.78	169.18	0	897.6
3.4298	0	0	0	0	0	0	0	0	59.51	16.72	39.82	125.51	92.84	150.81	233.2	171.71	0	890.12
3.4398	0	0	0	0	0	0	0	0	52.58	14.63	34.1	125.51	92.84	153.34	237.93	174.24	0	885.17
3.4498	0	0	0	4.18	0	0	0	0	45.76	12.54	30.36	125.51	92.84	153.34	240.35	176.77	4.18	877.47
3.4598	4.07	0	0	12.54	0	0	0	0	36.52	10.45	24.64	125.51	92.84	155.87	245.19	179.19	16.61	870.21
3.4698	4.07	0	0	16.72	0	0	0	0	32.01	8.36	20.9	125.51	90.31	155.87	249.92	181.72	20.79	864.6
3.4798	6.16	3.74	0	16.72	0	0	0	0	25.08	8.36	15.18	122.98	90.31	155.87	252.34	184.25	26.62	854.37
3.4898	6.16	3.74	0	18.81	0	0	0	0	22.88	6.27	11.33	120.45	87.78	155.87	254.76	186.78	28.71	846.12
3.4998	8.25	3.74	0	22.99	0	4.18	0	0	18.26	4.18	11.33	120.45	85.25	155.87	257.18	189.31	39.16	841.83
3.5098	12.32	5.61	3.85	27.17	0	6.27	0	0	18.26	4.18	9.46	118.03	80.3	158.4	254.76	191.73	55.22	835.12
3.5198	14.41	11.22	5.83	33.44	4.29	10.56	0	0	15.95	4.18	7.59	118.03	75.24	160.93	252.34	191.73	79.75	825.99
3.5298	31.02	22.55	9.79	43.89	12.98	21.12	0	0	13.64	0	5.61	115.5	67.65	160.93	245.19	191.73	141.35	800.25
3.5398	62.26	37.62	23.54	54.34	19.47	40.26	13.53	0	13.64	0	5.61	115.5	60.06	163.46	237.93	189.31	251.02	785.51
3.5498	110.22	62.48	43.23	67.1	23.87	52.91	22.55	6.71	13.64	0	3.74	110.55	50.82	165.99	230.78	186.78	389.07	762.3
3.5598	144.21	80.3	55.11	79.75	28.16	62.15	29.26	11.22	13.64	0	3.74	102.96	40.26	163.46	218.68	181.72	490.16	724.46
3.5698	158.07	88.33	66.22	84.04	28.16	80.85	38.28	13.53	11.44	0	3.74	88	29.59	155.87	206.47	174.24	557.48	669.35
3.5797	156.09	88.33	68.42	86.13	28.16	95.04	47.3	15.73	11.44	0	0	70.4	19.03	145.75	191.84	164.12	585.2	602.58
3.5897	156.09	90.31	70.62	88.33	30.36	104.39	54.12	20.24	9.13	0	0	45.32	10.56	128.15	177.21	154	614.46	524.37
3.5997	158.07	94.27	72.93	96.8	30.36	116.16	58.63	24.75	9.13	0	0	22.66	6.27	108.24	165.11	143.88	651.97	455.29
3.6097	164.01	98.23	77.33	100.98	32.56	125.73	60.94	27.06	6.82	0	0	4.95	4.18	81.84	148.83	133.76	686.84	380.38
3.6197	168.08	104.17	79.53	107.36	32.56	132.99	65.67	31.57	6.82	0	0	0	4.18	57.97	130.24	121.11	721.93	320.32
3.6297	172.15	108.13	84.04	113.63	34.65	140.14	68.09	33.77	4.51	0	0	0	4.18	32.67	101.97	108.02	754.6	251.35
3.6397	178.2	112.42	86.24	119.9	34.65	144.98	70.4	36.08	4.51	0	0	0	4.18	17.6	70.84	93.5	782.87	190.63
3.6497	182.27	119.02	88.55	126.06	36.85	152.13	72.82	38.28	0	0	0	0	4.18	10.01	48.4	73.15	815.98	135.74
3.6597	186.34	121.22	90.75	132.33	36.85	156.97	75.13	38.28	0	0	0	0	0	4.95	34.32	58.63	837.87	97.9
3.6697	188.32	125.62	92.95	138.49	39.05	161.7	77.55	40.59	0	0	0	0	0	0	26.18	41.8	864.27	67.98
3.6797	188.32	127.82	92.95	142.67	41.25	166.54	79.86	42.79	0	0	0	0	0	0	14.08	16.72	882.2	30.8
3.6897	188.32	127.82	92.95	148.83	43.34	171.16	82.28	42.79	0	0	0	0	0	0	6.05	8.36	897.49	14.41
3.6997	186.34	127.82	90.75	153.01	43.34	175.78	87.01	42.79	0	0	0	0	0	0	0	0	906.84	0
3.7097	182.27	125.62	90.75	155.1	45.54	180.4	91.74	45.1	0	0	0	0	0	0	0	0	916.52	0
3.7197	178.2	123.42	88.55	157.08	47.74	182.71	96.47	45.1	0	0	0	0	0	0	0	0	919.27	0
3.7297	174.13	119.02	86.24	159.17	49.94	184.91	101.2	47.3	0	0	0	0	0	0	0	0	921.91	0
3.7397	168.08	114.62	81.84	161.26	52.03	187.22	105.93	49.61	0	0	0	0	0	0	0	0	920.59	0
3.7497	162.03	108.13	79.53	163.35	52.03	189.53	108.24	49.61	0	0	0	0	0	0	0	0	912.45	0
3.7597	154.11	104.17	75.13	163.35	54.23	189.53	113.08	51.81	0	0	0	0	0	0	0	0	905.41	0
3.7697	148.17	98.23	70.62	163.35	54.23	191.84	115.28	51.81	0	0	0	0	0	0	0	0	893.53	0
3.7797	140.25	92.29	66.22	165.44	56.43	191.84	117.59	54.12	0	0	0	0	0	0	0	0	884.18	0
3.7897	132.22	86.35	61.71	167.53	56.43	194.15	122.1	54.12	0	0	0	0	0	0	0	0	874.61	0
3.7997	124.3	80.3	57.31	167.53	58.63	196.46	124.41	54.12	0	0	0	0	0	0	0	0	863.06	0
3.8097	116.38	76.34	53.13	167.53	58.63	196.46	126.61	56.32	0	0	0	0	0	0	0	0	851.4	0
3.8197	110.22	70.4	51.15	167.53	60.72	196.46	128.92	56.32	0	0	0	0	0	0	0	0	841.72	0
3.8297	103.62	66.44	47.19	169.62	60.72	198.66	133.43	56.32	0	0	0	0	0	0	0	0	836	0
3.8397	97.13	62.48	45.21	169.62	60.72	198.66	135.74	58.63	0	0	0	0	0	0	0	0	828.19	0
3.8497	90.53	56.54	41.25	171.71	62.92	200.97	137.94	60.72	0	0	0	0	0	0	0	0	822.58	0
3.8597	84.04	52.69	39.27	173.8	62.92	200.97	140.25	60.72	0	0	0	0	0	0	0	0	814.66	0
3.8697	77.55	48.95	35.42	173.8	65.01	200.97	142.56	62.92	0	0	0	0	0	0	0	0	807.18	0
3.8797	73.15	47.08	33.44	176	65.01	200.97	144.76	62.92	0	0	0	0	0	0	0	0	803.33	0
3.8897	68.75	43.34	31.46	178.09	65.01	200.97	147.07	62.92	0	0	0	0	0	0	0	0	797.61	0
3.8997	64.46	41.36	29.48	180.18	67.21	200.97	149.38	65.12	0	0	0	0	0	0	0	0	798.16	0
3.9097	60.06	39.49	27.5	180.18	67.21	203.28	151.58	67.32	0	0	0	0	0	0	0	0	796.62	0
3.9197	55.88	35.75	25.52	182.38	67.21	203.28	153.89	67.32	0	0	0	0	0	0	0	0	791.23	0
3.9297	51.7	33.88	23.54	182.38	69.3	203.28	158.4	69.41	0	0	0	0	0	0	0	0	791.89	0
3.9397	49.61	32.01	21.56	184.47	69.3	203.28	158.4	69.41	0	0	0	0	0	0	0	0	788.04	0
3.9497	45.54	30.14	19.58	186.56	69.3	205.59	160.71	71.61	0	0	0	0	0	0	0	0	789.03	0
3.9597	41.36	28.16	19.58	188.65	69.3	205.59	162.91	73.81	0	0	0	0	0	0	0	0	789.36	0
3.9697	39.27	26.29	17.71	188.65	69.3	205.59	167.53	76.01	0	0	0	0	0	0	0	0	790.35	0
3.9797	37.18	24.42	15.73	188.65	69.3	205.59	169.84	76.01	0	0	0	0	0	0	0	0	786.72	0
3.9897	35.09	22.55	15.73	188.65	69.3	205.59	172.15	78.21	0	0	0	0	0	0	0	0	787.27	0
3.9997	33.11	22.55	13.75	186.56	69.3	205.59	176.77	80.3	0	0	0	0	0	0	0	0	787.93	0
4.0097	31.02	20.68	11.77	184.47	67.21	205.59	179.08	80.3	0	0	0	0	0	0	0	0	780.12	0
4.0197	26.84	18.81	11.77	182.38	67.21	205.59	183.81	82.5	0	0	0	0	0	0	0	0	778.91	0
4.0297	24.75	16.94	9.79	178.09	65.01	203.28	186.12	84.7	0	0	0	0	0	0	0	0	768.68	0
4.0397	22.77	15.07	7.81	173.8	62.92	203.28	188.43	84.7	0	0	0	0	0	0	0	0	758.78	0
4.0497	20.68	11.22	5.83	167.53	60.72	200.97	193.05	86.9	0	0	0	0	0	0	0	0	746.9	0
4.0597	18.59	9.35	5.83	161.26	58.63	200.97	195.47	86.9	4.51	0	0	0	0	0	0	0	737	4.51
4.0697	16.5	9.35	3.85	153.01	56.43	200.97	200.09	89.1	11.44	0	0	0	0	0	0	0	729.3	11.44
4.0797	14.41	9.35	3.85	146.74	54.23	198.66	202.4	91.19	18.26	0	0	0	0	0	0	0	720.83	18.26
4.0897	14.41	7.48	0	138.49	49.94	196.46	204.71	93.39	27.39	0	3.74	0	0	0	0	0	704.88	31.13
4.0997	14.41	7.48	0	130.24	47.74	194.15	207.02	93.39	41.14	8.36	7.59	0	0	0	0	0	694.43	57.09
4.1097	12.32	7.48	0	123.97	43.34	191.84	207.02	95.59	71.5	16.72	15.18	7.48	0	0	0	0	681.56	110.88
4.1197	12.32	5.61	0	113.63	39.05	191.84	207.02	97.79	116.71	29.26	28.49	17.6	4.18	0	0	0	667.26	196.24
4.1297	10.34	5.61	0	105.27	34.65	187.22	209.44	97.79	159.94	41.8	43.67	20.13	6.27	0	6.05	0	650.32	277.86
4.1397	10.34	5.61	0	92.51	32.56	182.71	209.44	99.99	171.38	43.89	51.26	20.13	6.27	4.95	12.1	0	633.16	309.98
4.1497	8.25	5.61	0	81.95	28.16	175.78	211.75	102.08	178.42	45.98	57.2	22.66	8.47	12.54	20.13	5.5	613.58	350.9
4.1597	8.25	5.61	0	69.19	25.96	166.54	211.75	104.28	180.73	48.07	61.6	22.66	10.56	20.13	26.18	8.36	591.58	378.29
4.1697	8.25	5.61	0	56.54	21.67	156.97	211.75	104.28	185.46	48.07	68.09	25.19	10.56	27.72	30.25	8.36	565.07	403.7
4.1797	6.16	3.74	0	43.89	19.47	142.56	211.75	104.28	190.08	52.25	74.69	27.72	10.56	35.2	36.3	11.11	531.85	437.91
4.1897	4.07	3.74	0	31.35	17.27	125.73	209.44	104.28	197.12	56.43	78.98	30.14	12.65	42.79	38.28	13.86	495.88	470.25
4.1997	4.07	3.74	0	25.08	17.27	102.08	200.09	106.48	206.47	58.63	85.47	32.67	12.65	50.38	42.35	19.47	458.81	508.09
4.2097	0	3.74	0	18.81	15.18	76.23	181.5	106.48	215.82	62.81	92.07	35.2	14.74	55.44	44.33	25.08	401.94	545.49
4.2197	0	3.74	0	16.72	15.18	52.91	151.58	104.28	227.48	67.1	96.36	37.73	14.74	62.7	46.42	27.83	344.41	580.36
4.2297	0	0	0	12.54	15.18	35.97	108.24	97.79	236.72	71.28	102.96	40.26	14.74	67.54	50.38	33.44	269.72	617.32
4.2397	0	0	0	10.45	15.18	21.12	63.36	91.19	248.27	75.57	107.25	42.79	16.94	72.27	52.47	39.05	201.3	654.61
4.2497	0	0	0	8.36	12.98	12.65	33.77	80.3	259.82	79.86	116.05	47.85	16.94	79.53	54.45	41.8	148.06	696.3
4.2597	0	0	0	6.27	12.98	6.27	20.24	62.92	271.37	84.04	120.67	50.38	19.03	84.26	56.54	44.66	108.68	730.95
4.2697	0	0	0	4.18	8.58	0	13.53	47.3	280.72	88.33	127.6	55.44	19.03	91.41	58.85	50.16	73.59	771.54
4.2797	0	0	0	4.18	6.49	0	6.71	27.06	287.87	94.71	129.91	62.92	19.03	98.67	61.27	53.02	44.44	807.4
4.2897	0	0	0	0	0	0	0	4.51	292.71	98.89	134.53	65.45	21.12	105.82	63.69	55.77	4.51	837.98
4.2997	0	0	0	0	0	0	0	0	295.13	101.09	136.84	70.4	21.12	110.66	66.11	58.63	0	859.98
4.3097	0	0	0	0	0	0	0	0	295.13	103.18	139.15	77.99	23.21	118.03	68.42	61.49	0	886.6
4.3197	0	0	0	0	0	0	0	0	292.71	105.27	139.15	82.94	23.21	125.62	70.84	64.35	0	904.09
4.3297	0	0	0	0	0	0	0	0	287.87	107.47	139.15	88	23.21	130.68	73.26	67.32	0	916.96
4.3397	0	0	0	0	0	0	0	0	280.72	107.47	136.84	90.53	23.21	138.27	75.68	70.18	0	922.9
4.3497	0	0	0	0	0	0	0	0	271.37	105.27	132.22	95.48	25.41	143.22	78.1	73.15	0	924.22
4.3597	0	0	0	0	0	0	0	0	262.13	105.27	129.91	100.54	25.41	150.81	80.41	76.01	0	930.49
4.3697	0	0	0	0	0	0	0	0	250.58	103.18	125.29	102.96	27.5	155.87	85.25	78.98	0	929.61
4.3797	0	0	0	0	0	0	0	0	239.03	98.89	120.67	105.49	27.5	163.46	89.98	81.84	0	926.86
4.3897	0	0	0	0	0	0	0	0	227.48	96.8	116.05	108.02	27.5	168.52	97.24	84.81	0	926.42
4.3997	0	0	0	0	0	0	0	0	215.82	92.51	109.45	110.55	29.59	171.05	101.97	87.67	0	918.61
4.4097	0	0	0	0	0	0	0	0	204.16	88.33	105.05	113.08	29.59	178.09	106.81	90.53	0	915.64
4.4197	0	0	0	0	0	0	0	0	194.81	86.13	100.76	115.5	31.79	180.4	111.65	93.5	0	914.54
4.4297	0	0	0	0	0	0	0	0	183.04	81.95	96.36	118.03	31.79	185.13	116.27	96.36	0	908.93
4.4397	0	0	0	0	0	0	0	0	171.38	77.66	92.07	120.45	33.88	189.86	118.58	99.33	0	903.21
4.4497	0	0	0	0	0	0	0	0	159.94	75.57	85.47	122.98	33.88	194.59	123.2	99.33	0	894.96
4.4597	0	0	0	0	0	0	0	0	150.81	71.28	81.18	125.51	35.97	199.32	125.62	102.19	0	891.88
4.4697	0	0	0	0	0	0	0	0	141.68	67.1	74.69	127.93	33.88	203.94	130.24	105.16	0	884.62
4.4797	0	0	0	0	0	0	0	0	130.35	62.81	70.29	132.88	35.97	211.09	132.55	105.16	0	881.1
4.4897	0	0	0	0	0	0	0	0	123.53	58.63	65.89	135.41	35.97	213.4	134.86	108.02	0	875.71
4.4997	0	0	0	0	0	0	0	0	114.51	54.34	59.4	137.94	35.97	220.55	137.17	110.99	0	870.87
4.5097	0	0	0	0	0	0	0	0	104.94	50.16	53.13	140.36	35.97	225.39	139.59	113.52	0	863.06
4.5197	0	0	0	0	0	0	0	0	95.37	48.07	49.39	145.42	38.06	227.81	141.9	116.05	0	862.07
4.5297	0	0	0	0	0	0	0	0	85.8	43.89	43.67	147.84	38.06	232.76	144.21	116.05	0	852.28
4.5397	0	0	0	0	0	0	0	0	78.65	41.8	39.82	150.37	38.06	235.18	146.52	118.58	0	848.98
4.5497	0	0	0	0	0	0	0	0	69.08	37.62	36.08	152.79	40.26	237.6	148.83	121.11	0	843.37
4.5597	0	0	0	0	0	0	0	0	64.35	33.44	32.23	155.32	40.26	242.55	151.14	123.64	0	842.93
4.5697	0	0	0	0	0	0	0	0	57.2	31.35	28.49	155.32	40.26	242.55	153.56	123.64	0	832.37
4.5797	0	0	0	0	0	0	0	0	50.27	27.17	24.64	157.85	38.06	244.97	158.18	126.17	0	827.31
4.5897	0	0	0	0	0	0	0	0	45.76	25.08	20.9	155.32	38.06	247.39	160.49	128.7	0	821.7
4.5997	0	0	0	0	0	0	0	0	38.83	22.99	17.05	155.32	38.06	247.39	165.11	128.7	0	813.45
4.6097	0	0	0	0	0	0	0	0	32.01	18.81	13.2	152.79	38.06	247.39	167.53	131.23	0	801.02
4.6197	0	0	0	0	0	0	0	0	27.39	16.72	11.33	152.79	38.06	249.92	172.37	136.29	0	804.87
4.6297	0	0	0	0	0	0	0	0	25.08	14.63	11.33	150.37	35.97	249.92	174.79	136.29	0	798.38
4.6397	0	0	0	0	0	0	0	0	22.88	12.54	9.46	147.84	35.97	249.92	179.63	141.35	0	799.59
4.6497	0	0	0	0	0	0	0	0	20.57	10.45	7.59	142.89	33.88	249.92	182.16	143.88	0	791.34
4.6597	0	0	0	0	0	0	0	0	18.26	8.36	5.61	137.94	33.88	249.92	184.58	146.41	0	784.96
4.6697	4.07	0	0	0	0	0	0	0	15.95	6.27	5.61	135.41	31.79	249.92	187	148.94	4.07	780.89
4.6797	4.07	0	0	0	0	0	0	0	15.95	6.27	5.61	127.93	29.59	249.92	189.42	151.47	4.07	776.16
4.6897	4.07	0	0	0	0	0	0	0	15.95	6.27	3.74	122.98	27.5	252.34	191.84	154	4.07	774.62
4.6997	4.07	0	0	0	0	0	0	0	13.64	4.18	3.74	118.03	25.41	249.92	194.37	156.53	4.07	765.82
4.7097	8.25	3.74	0	0	0	0	0	0	13.64	4.18	3.74	110.55	23.21	249.92	196.79	159.06	11.99	761.09
4.7197	18.59	7.48	0	6.27	0	0	0	0	13.64	4.18	0	102.96	19.03	247.39	196.79	159.06	32.34	743.05
4.7297	33.11	15.07	7.81	12.54	0	0	0	0	11.44	4.18	0	98.01	16.94	247.39	196.79	161.59	68.53	736.34
4.7397	66.66	30.14	17.71	29.26	4.29	0	0	0	11.44	4.18	0	90.53	14.74	247.39	196.79	161.59	148.06	726.66
4.7497	134.2	52.69	35.42	35.53	10.78	6.27	0	0	11.44	4.18	0	85.47	12.65	244.97	191.84	164.12	274.89	714.67
4.7597	168.08	66.44	49.17	41.8	17.27	8.47	0	0	11.44	4.18	0	77.99	10.56	242.55	187	164.12	351.23	697.84
4.7697	164.01	70.4	51.15	48.07	21.67	12.65	4.51	0	11.44	4.18	0	70.4	8.47	242.55	179.63	161.59	372.46	678.26
4.7797	156.09	72.38	55.11	54.34	21.67	21.12	13.53	0	11.44	4.18	0	60.39	8.47	235.18	172.37	159.06	394.24	651.09
4.7897	150.15	72.38	55.11	56.54	21.67	33.88	20.24	0	9.13	0	0	50.38	6.27	227.81	167.53	156.53	409.97	617.65
4.7997	148.17	76.34	57.31	62.81	21.67	44.44	27.06	4.51	9.13	0	0	37.73	6.27	218.13	162.8	151.47	442.31	585.53
4.8097	156.09	84.37	64.02	67.1	23.87	55.11	33.77	6.71	6.82	0	0	27.72	6.27	201.63	158.18	148.94	491.04	549.56
4.8197	168.08	92.29	70.62	73.48	23.87	64.46	38.28	9.02	6.82	0	0	17.6	4.18	180.4	155.87	146.41	540.1	511.28
4.8297	176.22	100.21	77.33	77.66	25.96	71.5	42.79	11.22	4.51	0	0	12.54	4.18	148.28	148.83	141.35	582.89	459.69
4.8397	186.34	106.15	84.04	81.95	28.16	78.54	51.81	13.53	4.51	0	0	7.48	4.18	113.08	137.17	138.82	630.52	405.24
4.8497	194.37	110.22	88.55	84.04	30.36	85.58	56.32	15.73	0	0	0	0	6.27	79.53	118.58	133.76	665.17	338.14
4.8597	202.51	114.62	92.95	86.13	32.56	88	63.36	18.04	0	0	0	0	6.27	52.91	89.98	123.64	698.17	272.8
4.8697	212.63	119.02	99.66	88.33	34.65	92.62	70.4	20.24	0	0	0	0	6.27	30.14	63.69	110.99	737.55	211.09
4.8797	224.84	125.62	106.37	92.51	36.85	97.35	75.13	20.24	0	0	0	0	6.27	15.07	46.42	90.53	778.91	158.29
4.8897	234.85	132.22	110.77	94.6	39.05	99.66	79.86	24.75	0	0	0	0	4.18	7.48	38.28	73.15	815.76	123.09
4.8997	238.92	134.42	115.28	98.89	39.05	104.39	84.59	24.75	0	0	0	0	0	0	30.25	36.19	840.29	66.44
4.9097	242.99	138.82	117.48	103.07	41.25	111.43	87.01	29.26	0	0	0	0	0	0	22.11	16.72	871.31	38.83
4.9197	242.99	141.02	119.68	107.36	43.34	113.85	91.74	29.26	0	0	0	0	0	0	14.08	8.36	889.24	22.44
4.9297	242.99	143.22	119.68	111.65	43.34	121	94.05	31.57	0	0	0	0	0	0	6.05	0	907.5	6.05
4.9397	240.9	143.22	119.68	115.72	45.54	125.73	98.78	33.77	0	0	0	0	0	0	0	0	923.34	0
4.9497	236.94	143.22	119.68	117.81	47.74	130.57	103.51	36.08	0	0	0	0	0	0	0	0	935.55	0
4.9597	234.85	141.02	117.48	121.99	47.74	132.99	105.93	38.28	0	0	0	0	0	0	0	0	940.28	0
4.9697	228.8	138.82	115.28	123.97	49.94	137.72	108.24	38.28	0	0	0	0	0	0	0	0	941.05	0
4.9797	220.77	134.42	113.08	128.15	49.94	140.14	113.08	40.59	0	0	0	0	0	0	0	0	940.17	0
4.9897	212.63	130.02	108.57	130.24	49.94	144.98	115.28	40.59	0	0	0	0	0	0	0	0	932.25	0
4.9997	204.49	125.62	104.06	132.33	52.03	147.29	119.79	42.79	0	0	0	0	0	0	0	0	928.4	0
5.0096	196.46	121.22	99.66	134.31	54.23	149.71	122.1	45.1	0	0	0	0	0	0	0	0	922.79	0
5.0196	186.34	114.62	95.15	136.4	54.23	152.13	124.41	45.1	0	0	0	0	0	0	0	0	908.38	0
5.0296	178.2	110.22	90.75	138.49	54.23	154.55	128.92	45.1	0	0	0	0	0	0	0	0	900.46	0
5.0396	170.06	104.17	86.24	140.58	56.43	156.97	131.23	47.3	0	0	0	0	0	0	0	0	892.98	0
5.0496	162.03	100.21	79.53	142.67	58.63	159.28	133.43	49.61	0	0	0	0	0	0	0	0	885.39	0
5.0596	154.11	94.27	75.13	142.67	58.63	161.7	135.74	49.61	0	0	0	0	0	0	0	0	871.86	0
5.0696	144.21	88.33	70.62	144.76	58.63	164.12	140.25	51.81	0	0	0	0	0	0	0	0	862.73	0
5.0796	136.18	82.28	66.22	144.76	60.72	166.54	144.76	54.12	0	0	0	0	0	0	0	0	855.58	0
5.0896	130.24	78.32	61.71	146.74	60.72	168.96	149.38	56.32	0	0	0	0	0	0	0	0	852.39	0
5.0996	122.32	72.38	57.31	146.74	62.92	168.96	151.58	58.63	0	0	0	0	0	0	0	0	840.84	0
5.1096	116.38	68.42	55.11	148.83	62.92	171.16	156.09	58.63	0	0	0	0	0	0	0	0	837.54	0
5.1196	110.22	64.46	51.15	148.83	65.01	173.47	160.71	60.72	0	0	0	0	0	0	0	0	834.57	0
5.1296	101.42	60.5	47.19	150.92	65.01	173.47	162.91	62.92	0	0	0	0	0	0	0	0	824.34	0
5.1396	94.93	56.54	45.21	150.92	67.21	175.78	165.22	65.12	0	0	0	0	0	0	0	0	820.93	0
5.1496	88.44	52.69	43.23	155.1	69.3	175.78	167.53	65.12	0	0	0	0	0	0	0	0	817.19	0
5.1596	81.84	48.95	39.27	157.08	69.3	178.09	172.15	67.32	0	0	0	0	0	0	0	0	814	0
5.1696	75.35	45.21	37.29	159.17	71.5	178.09	174.46	69.41	0	0	0	0	0	0	0	0	810.48	0
5.1796	70.95	43.34	35.42	161.26	71.5	180.4	176.77	71.61	0	0	0	0	0	0	0	0	811.25	0
5.1896	64.46	39.49	31.46	163.35	71.5	180.4	181.5	73.81	0	0	0	0	0	0	0	0	805.97	0
5.1996	60.06	37.62	29.48	165.44	71.5	180.4	183.81	73.81	0	0	0	0	0	0	0	0	802.12	0
5.2096	53.79	33.88	25.52	165.44	73.59	182.71	186.12	76.01	0	0	0	0	0	0	0	0	797.06	0
5.2196	47.52	30.14	21.56	167.53	73.59	182.71	190.74	78.21	0	0	0	0	0	0	0	0	792	0
5.2296	43.45	26.29	19.58	167.53	73.59	182.71	195.47	80.3	0	0	0	0	0	0	0	0	788.92	0
5.2396	37.18	24.42	17.71	167.53	73.59	182.71	197.78	82.5	0	0	0	0	0	0	0	0	783.42	0
5.2496	35.09	22.55	15.73	165.44	71.5	182.71	202.4	84.7	0	0	0	0	0	0	0	0	780.12	0
5.2596	31.02	20.68	13.75	163.35	71.5	182.71	204.71	84.7	13.64	0	0	0	0	0	0	0	772.42	13.64
5.2696	28.93	18.81	11.77	161.26	71.5	182.71	209.44	86.9	25.08	4.18	3.74	0	0	0	0	0	771.32	33
5.2796	26.84	16.94	9.79	157.08	69.3	182.71	211.75	89.1	34.32	4.18	3.74	0	0	0	0	0	763.51	42.24
5.2896	24.75	15.07	9.79	153.01	67.21	180.4	214.06	89.1	36.52	6.27	5.61	0	0	0	0	0	753.39	48.4
5.2996	22.77	13.09	7.81	148.83	65.01	180.4	216.37	91.19	43.45	8.36	7.59	0	0	0	0	0	745.47	59.4
5.3096	20.68	11.22	5.83	142.67	62.92	178.09	218.68	93.39	45.76	10.45	9.46	4.95	0	0	0	0	733.48	70.62
5.3196	16.5	9.35	3.85	136.4	60.72	178.09	218.68	93.39	47.96	10.45	11.33	10.01	0	0	0	0	716.98	79.75
5.3296	14.41	7.48	3.85	130.24	56.43	175.78	220.99	97.79	52.58	12.54	15.18	12.54	4.18	0	6.05	0	706.97	103.07
5.3396	14.41	7.48	0	121.99	52.03	175.78	220.99	97.79	64.35	14.63	18.92	12.54	6.27	0	10.01	0	690.47	126.72
5.3496	12.32	5.61	0	113.63	47.74	173.47	220.99	99.99	76.23	18.81	22.77	17.6	8.47	0	12.1	0	673.75	155.98
5.3596	12.32	5.61	0	103.07	43.34	171.16	223.41	102.08	90.53	22.99	28.49	20.13	8.47	4.95	18.15	0	660.99	193.71
5.3696	12.32	5.61	0	92.51	36.85	166.54	223.41	102.08	104.94	27.17	36.08	22.66	10.56	12.54	26.18	0	639.32	240.13
5.3796	10.34	5.61	0	81.95	32.56	161.7	223.41	104.28	121.22	33.44	43.67	25.19	10.56	20.13	30.25	0	619.85	284.46
5.3896	8.25	5.61	0	69.19	28.16	156.97	220.99	104.28	132.66	35.53	49.39	27.72	10.56	27.72	36.3	5.5	593.45	325.38
5.3996	8.25	5.61	0	58.63	25.96	147.29	220.99	104.28	143.99	39.71	57.2	27.72	12.65	37.73	40.37	11.11	571.01	370.48
5.4096	6.16	5.61	0	45.98	23.87	137.72	218.68	104.28	155.32	43.89	65.89	30.14	12.65	45.32	44.33	16.72	542.3	414.26
5.4196	6.16	3.74	0	33.44	19.47	125.73	211.75	104.28	164.45	45.98	72.49	32.67	12.65	52.91	48.4	25.08	504.57	454.63
5.4296	4.07	5.61	0	25.08	17.27	109.12	202.4	104.28	176.11	50.16	78.98	35.2	14.74	60.28	50.38	30.69	467.83	496.54
5.4396	0	3.74	0	18.81	17.27	90.31	186.12	104.28	185.46	52.25	85.47	37.73	14.74	67.54	54.45	36.19	420.53	533.83
5.4496	0	3.74	0	14.63	17.27	66.77	160.71	102.08	194.81	56.43	92.07	40.26	16.94	72.27	56.54	41.8	365.2	571.12
5.4596	0	0	0	12.54	15.18	46.53	124.41	99.99	204.16	58.63	96.36	42.79	16.94	77.11	58.85	44.66	298.65	599.5
5.4696	0	0	0	10.45	17.27	31.79	79.86	95.59	213.51	62.81	100.76	45.32	16.94	84.26	61.27	50.16	234.96	635.03
5.4796	0	0	0	8.36	15.18	19.03	47.3	86.9	225.17	67.1	107.25	47.85	19.03	91.41	63.69	53.02	176.77	674.52
5.4896	0	0	0	6.27	12.98	10.56	27.06	73.81	234.41	73.48	111.65	52.91	19.03	96.25	66.11	55.77	130.68	709.61
5.4996	0	0	0	4.18	10.78	4.18	18.04	56.32	243.65	77.66	116.05	57.97	21.12	103.4	70.84	58.63	93.5	749.32
5.5096	0	0	0	0	8.58	0	11.22	40.59	252.89	79.86	120.67	62.92	21.12	108.24	73.26	61.49	60.39	780.45
5.5196	0	0	0	0	6.49	0	6.71	22.55	257.51	84.04	125.29	65.45	21.12	115.5	75.68	67.32	35.75	811.91
5.5296	0	0	0	0	0	0	0	4.51	262.13	88.33	127.6	70.4	21.12	123.09	78.1	70.18	4.51	840.95
5.5396	0	0	0	0	0	0	0	0	262.13	90.42	129.91	75.46	23.21	128.15	82.83	73.15	0	865.26
5.5496	0	0	0	0	0	0	0	0	262.13	90.42	132.22	77.99	25.41	135.74	85.25	78.98	0	888.14
5.5596	0	0	0	0	0	0	0	0	259.82	92.51	132.22	82.94	25.41	140.8	87.67	81.84	0	903.21
5.5696	0	0	0	0	0	0	0	0	255.2	92.51	129.91	85.47	25.41	148.28	92.4	84.81	0	913.99
5.5796	0	0	0	0	0	0	0	0	248.27	90.42	127.6	90.53	27.5	153.34	97.24	84.81	0	919.71
5.5896	0	0	0	0	0	0	0	0	239.03	90.42	125.29	92.95	27.5	158.4	99.66	87.67	0	920.92
5.5996	0	0	0	0	0	0	0	0	229.79	88.33	120.67	95.48	27.5	163.46	104.39	90.53	0	920.15
5.6096	0	0	0	0	0	0	0	0	220.55	86.13	116.05	95.48	29.59	168.52	109.23	93.5	0	919.05
5.6196	0	0	0	0	0	0	0	0	211.09	81.95	111.65	98.01	29.59	171.05	111.65	96.36	0	911.35
5.6296	0	0	0	0	0	0	0	0	199.43	79.86	107.25	100.54	31.79	175.67	113.96	99.33	0	907.83
5.6396	0	0	0	0	0	0	0	0	192.39	77.66	102.96	102.96	31.79	180.4	116.27	99.33	0	903.76
5.6496	0	0	0	0	0	0	0	0	183.04	75.57	98.56	105.49	31.79	182.82	120.89	105.16	0	903.32
5.6596	0	0	0	0	0	0	0	0	176.11	73.48	94.27	108.02	33.88	187.44	123.2	105.16	0	901.56
5.6696	0	0	0	0	0	0	0	0	166.76	69.19	92.07	108.02	33.88	189.86	125.62	108.02	0	893.42
5.6796	0	0	0	0	0	0	0	0	159.94	67.1	87.67	110.55	33.88	194.59	127.93	108.02	0	889.68
5.6896	0	0	0	0	0	0	0	0	153.12	67.1	83.38	113.08	35.97	199.32	130.24	110.99	0	893.2
5.6996	0	0	0	0	0	0	0	0	146.3	62.81	81.18	113.08	35.97	201.63	134.86	113.52	0	889.35
5.7096	0	0	0	0	0	0	0	0	139.48	60.72	76.78	115.5	35.97	203.94	137.17	113.52	0	883.08
5.7196	0	0	0	0	0	0	0	0	132.66	58.63	72.49	118.03	35.97	208.67	139.59	116.05	0	882.09
5.7296	0	0	0	0	0	0	0	0	125.84	56.43	70.29	120.45	38.06	211.09	141.9	116.05	0	880.11
5.7396	0	0	0	0	0	0	0	0	121.22	54.34	65.89	120.45	38.06	215.82	144.21	118.58	0	878.57
5.7496	0	0	0	0	0	0	0	0	114.51	52.25	61.6	122.98	38.06	218.13	146.52	118.58	0	872.63
5.7596	0	0	0	0	0	0	0	0	107.25	48.07	59.4	125.51	38.06	222.97	148.83	121.11	0	871.2
5.7696	0	0	0	0	0	0	0	0	100.1	45.98	55.11	127.93	38.06	222.97	151.14	121.11	0	862.4
5.7796	0	0	0	0	0	0	0	0	92.95	43.89	51.26	130.46	40.26	227.81	153.56	123.64	0	863.83
5.7896	0	0	0	0	0	0	0	0	88.22	39.71	47.41	130.46	42.35	230.34	155.87	126.17	0	860.53
5.7996	0	0	0	0	0	0	0	0	78.65	37.62	43.67	132.88	42.35	232.76	160.49	126.17	0	854.59
5.8096	0	0	0	0	0	0	0	0	73.81	33.44	39.82	132.88	42.35	235.18	162.8	128.7	0	848.98
5.8196	0	0	0	0	0	0	0	0	66.66	31.35	36.08	135.41	42.35	237.6	167.53	131.23	0	848.21
5.8296	0	0	0	0	0	0	0	0	61.93	29.26	32.23	135.41	42.35	240.13	172.37	133.76	0	847.44
5.8396	0	0	0	0	0	0	0	0	54.89	27.17	30.36	135.41	44.44	240.13	174.79	136.29	0	843.48
5.8496	0	0	0	0	0	0	0	0	47.96	22.99	26.51	132.88	44.44	242.55	179.63	138.82	0	835.78
5.8596	4.07	0	0	0	0	0	0	0	41.14	18.81	22.77	132.88	42.35	242.55	184.58	143.88	4.07	828.96
5.8696	4.07	0	0	0	0	0	0	0	34.32	16.72	18.92	130.46	42.35	244.97	189.42	146.41	4.07	823.57
5.8796	4.07	0	0	0	0	0	0	0	27.39	14.63	13.2	127.93	40.26	244.97	194.37	148.94	4.07	811.69
5.8896	6.16	0	0	0	0	0	0	0	22.88	12.54	11.33	125.51	40.26	244.97	199.21	151.47	6.16	808.17
5.8996	10.34	3.74	0	0	0	0	0	0	20.57	10.45	9.46	120.45	38.06	244.97	204.05	156.53	14.08	804.54
5.9096	18.59	7.48	0	0	0	0	0	0	18.26	8.36	7.59	118.03	35.97	244.97	206.47	159.06	26.07	798.71
5.9196	28.93	13.09	5.83	4.18	0	0	0	0	15.95	6.27	5.61	113.08	33.88	244.97	211.42	159.06	52.03	790.24
5.9296	45.54	22.55	11.77	16.72	0	0	0	0	15.95	6.27	3.74	105.49	31.79	242.55	211.42	161.59	96.58	778.8
5.9396	77.55	35.75	23.54	27.17	12.98	4.18	0	0	13.64	4.18	3.74	100.54	27.5	242.55	213.84	161.59	181.17	767.58
5.9496	122.32	50.82	37.29	31.35	15.18	6.27	4.51	0	13.64	4.18	3.74	92.95	23.21	242.55	211.42	161.59	267.74	753.28
5.9596	146.19	60.5	45.21	37.62	19.47	10.56	6.71	0	13.64	4.18	0	85.47	19.03	240.13	209	161.59	326.26	733.04
5.9696	152.13	66.44	51.15	43.89	21.67	16.94	9.02	0	11.44	4.18	0	75.46	14.74	235.18	206.47	159.06	361.24	706.53
5.9796	150.15	70.4	55.11	48.07	21.67	25.41	18.04	0	11.44	0	0	62.92	10.56	230.34	201.63	156.53	388.85	673.42
5.9896	146.19	72.38	55.11	52.25	21.67	35.97	22.55	0	11.44	0	0	47.85	8.47	222.97	196.79	156.53	406.12	644.05
5.9996	146.19	74.36	57.31	56.54	21.67	44.44	29.26	0	9.13	0	0	35.2	6.27	211.09	194.37	154	429.77	610.06
6.0096	152.13	80.3	61.71	60.72	21.67	52.91	33.77	4.51	9.13	0	0	22.66	6.27	192.17	191.84	151.47	467.72	573.54
6.0196	158.07	84.37	66.22	65.01	23.87	59.73	36.08	6.71	9.13	0	0	12.54	4.18	171.05	187	148.94	500.06	532.84
6.0296	168.08	90.31	72.93	69.19	23.87	66.77	38.28	9.02	6.82	0	0	7.48	4.18	143.22	182.16	143.88	538.45	487.74
6.0396	178.2	96.25	79.53	73.48	25.96	71.5	42.79	11.22	4.51	0	0	0	4.18	108.24	172.37	136.29	578.93	425.59
6.0496	186.34	102.19	84.04	77.66	28.16	76.23	45.1	11.22	4.51	0	0	0	0	79.53	155.87	131.23	610.94	371.14
6.0596	194.37	106.15	88.55	81.95	28.16	80.85	49.61	13.53	0	0	0	0	0	55.44	132.55	121.11	643.17	309.1
6.0696	204.49	112.42	92.95	84.04	30.36	85.58	54.12	15.73	0	0	0	0	0	35.2	99.66	108.02	679.69	242.88
6.0796	214.61	119.02	99.66	90.42	30.36	90.31	56.32	18.04	0	0	0	0	4.18	20.13	68.42	93.5	718.74	186.23
6.0896	224.84	127.82	104.06	94.6	32.56	95.04	60.94	18.04	0	0	0	0	4.18	10.01	48.4	76.01	757.9	138.6
6.0996	232.87	134.42	108.57	100.98	32.56	102.08	63.36	20.24	0	0	0	0	0	4.95	36.3	61.49	795.08	102.74
6.1096	236.94	141.02	113.08	107.36	34.65	109.12	65.67	20.24	0	0	0	0	0	0	28.27	36.19	828.08	64.46
6.1196	238.92	143.22	115.28	113.63	36.85	113.85	70.4	22.55	0	0	0	0	0	0	20.13	16.72	854.7	36.85
6.1296	238.92	145.42	115.28	117.81	39.05	121	72.82	24.75	0	0	0	0	0	0	10.01	8.36	875.05	18.37
6.1396	240.9	147.62	117.48	121.99	41.25	125.73	77.55	27.06	0	0	0	0	0	0	3.96	0	899.58	3.96
6.1496	238.92	147.62	119.68	126.06	41.25	130.57	84.59	29.26	0	0	0	0	0	0	0	0	917.95	0
6.1596	236.94	145.42	119.68	128.15	43.34	135.41	89.32	31.57	0	0	0	0	0	0	0	0	929.83	0
6.1696	230.89	141.02	119.68	130.24	45.54	140.14	96.47	33.77	0	0	0	0	0	0	0	0	937.75	0
6.1796	224.84	136.62	117.48	132.33	47.74	144.98	101.2	36.08	0	0	0	0	0	0	0	0	941.27	0
6.1896	216.7	130.02	115.28	130.24	49.94	147.29	110.66	40.59	0	0	0	0	0	0	0	0	940.72	0
6.1996	208.56	125.62	110.77	130.24	49.94	152.13	117.59	42.79	0	0	0	0	0	0	0	0	937.64	0
6.2096	200.53	119.02	108.57	132.33	52.03	154.55	122.1	45.1	0	0	0	0	0	0	0	0	934.23	0
6.2196	192.39	114.62	104.06	132.33	54.23	156.97	126.61	47.3	0	0	0	0	0	0	0	0	928.51	0
6.2296	184.25	108.13	99.66	132.33	56.43	161.7	133.43	51.81	0